[Crank_Signal]
type = 0
voltage = 10.000000
invert = FALSE
crank_number = 2.000000
tooth_number = 60.000000
edentulous_number = 4.000000
cylinder_number = 2.000000
edentulous_offset = 0.000000

[Camshaft_Signal]
type = 1
voltage = 5.000000
signal_number = 7.000000
camshaft_number = 1.000000
invert = FALSE
cycle = 3.000000
start_offset = 2.000000
interpolated_interval = 1.000000
interval_tooth_number = 2.000000